1   0   4 7 8 2 1 5 3 0 6
2   0   4 7 8 2 1 0 3 6 5
3   1   4 7 8 2 1 5 0 3 6
4   1   4 7 8 2 0 5 3 1 6
5   2   4 7 8 2 0 1 3 6 5
6   2   4 7 0 2 1 8 3 6 5
7   3   4 7 8 0 1 5 2 3 6
8   4   4 7 8 0 2 5 3 1 6
9   4   4 7 8 2 5 0 3 1 6
10   4   4 0 8 2 7 5 3 1 6
11   5   4 7 8 0 2 1 3 6 5
12   5   4 0 8 2 7 1 3 6 5
13   5   4 7 8 2 6 1 3 0 5
14   6   4 0 7 2 1 8 3 6 5
15   7   4 7 8 1 0 5 2 3 6
16   7   0 7 8 4 1 5 2 3 6
17   8   0 7 8 4 2 5 3 1 6
18   8   4 7 8 3 2 5 0 1 6
19   9   4 7 0 2 5 8 3 1 6
20   9   4 7 8 2 5 6 3 1 0
21   10   0 4 8 2 7 5 3 1 6
22   10   4 8 0 2 7 5 3 1 6
23   11   0 7 8 4 2 1 3 6 5
24   11   4 7 8 3 2 1 0 6 5
25   12   0 4 8 2 7 1 3 6 5
26   12   4 8 0 2 7 1 3 6 5
27   13   4 7 8 2 6 1 0 3 5
28   13   4 7 8 2 6 1 3 5 0
29   14   0 4 7 2 1 8 3 6 5
30   14   4 1 7 2 0 8 3 6 5
31   15   4 7 8 1 5 0 2 3 6
32   15   4 0 8 1 7 5 2 3 6
33   15   4 7 8 1 3 5 2 0 6
34   16   7 0 8 4 1 5 2 3 6
35   17   7 0 8 4 2 5 3 1 6
36   18   4 7 8 3 2 5 1 0 6
37   19   4 0 7 2 5 8 3 1 6
38   20   4 7 8 2 5 6 3 0 1
39   21   2 4 8 0 7 5 3 1 6
40   22   4 8 5 2 7 0 3 1 6
41   23   7 0 8 4 2 1 3 6 5
42   24   4 7 8 3 2 1 6 0 5
43   25   2 4 8 0 7 1 3 6 5
44   26   4 8 1 2 7 0 3 6 5
45   27   4 7 8 0 6 1 2 3 5
46   28   4 7 8 2 6 0 3 5 1
47   29   2 4 7 0 1 8 3 6 5
48   30   4 1 7 0 2 8 3 6 5
49   30   4 1 7 2 8 0 3 6 5
50   30   4 1 7 2 6 8 3 0 5
51   31   4 7 0 1 5 8 2 3 6
52   31   4 7 8 1 5 6 2 3 0
53   32   0 4 8 1 7 5 2 3 6
54   32   4 8 0 1 7 5 2 3 6
55   33   4 7 8 1 3 5 0 2 6
56   33   4 7 8 1 3 5 2 6 0
57   34   7 8 0 4 1 5 2 3 6
58   34   7 1 8 4 0 5 2 3 6
59   35   7 8 0 4 2 5 3 1 6
60   35   7 2 8 4 0 5 3 1 6
61   36   4 7 8 3 2 5 1 6 0
62   36   4 7 8 3 0 5 1 2 6
63   37   0 4 7 2 5 8 3 1 6
64   37   4 5 7 2 0 8 3 1 6
65   38   4 7 8 2 5 6 0 3 1
66   38   4 7 8 2 0 6 3 5 1
67   39   2 4 8 7 0 5 3 1 6
68   39   2 4 8 3 7 5 0 1 6
69   40   4 8 5 2 0 7 3 1 6
70   40   4 8 5 2 7 6 3 1 0
71   41   7 8 0 4 2 1 3 6 5
72   41   7 2 8 4 0 1 3 6 5
73   42   4 7 8 3 2 1 6 5 0
74   42   4 7 8 3 0 1 6 2 5
75   43   2 4 8 7 0 1 3 6 5
76   43   2 4 8 3 7 1 0 6 5
77   44   4 8 1 2 0 7 3 6 5
78   44   4 8 1 2 7 5 3 6 0
79   45   4 7 8 6 0 1 2 3 5
80   45   0 7 8 4 6 1 2 3 5
81   46   4 7 0 2 6 8 3 5 1
82   47   2 4 7 1 0 8 3 6 5
83   47   2 4 7 3 1 8 0 6 5
84   48   0 1 7 4 2 8 3 6 5
85   48   4 1 7 3 2 8 0 6 5
86   49   4 1 0 2 8 7 3 6 5
87   49   4 1 7 2 8 5 3 6 0
88   50   4 1 7 2 6 8 0 3 5
89   50   4 1 7 2 6 8 3 5 0
90   51   4 0 7 1 5 8 2 3 6
91   52   4 7 8 1 5 6 2 0 3
92   53   1 4 8 0 7 5 2 3 6
93   54   4 8 5 1 7 0 2 3 6
94   55   4 7 8 0 3 5 1 2 6
95   56   4 7 8 1 3 0 2 6 5
96   57   7 8 5 4 1 0 2 3 6
97   58   7 1 8 0 4 5 2 3 6
98   58   7 1 8 4 5 0 2 3 6
99   58   7 1 8 4 3 5 2 0 6
100   59   7 8 5 4 2 0 3 1 6
101   60   7 2 8 0 4 5 3 1 6
102   60   7 2 8 4 5 0 3 1 6
103   60   7 2 8 4 1 5 3 0 6
104   61   4 7 8 3 2 0 1 6 5
105   62   4 7 8 3 5 0 1 2 6
106   62   4 0 8 3 7 5 1 2 6
107   63   2 4 7 0 5 8 3 1 6
108   64   4 5 7 0 2 8 3 1 6
109   64   4 5 7 2 8 0 3 1 6
110   64   4 5 7 2 1 8 3 0 6
111   65   4 7 8 0 5 6 2 3 1
112   66   4 7 8 0 2 6 3 5 1
113   66   4 0 8 2 7 6 3 5 1
114   67   2 4 8 7 5 0 3 1 6
115   67   2 0 8 7 4 5 3 1 6
116   67   2 4 8 7 1 5 3 0 6
117   68   2 4 8 3 7 5 1 0 6
118   69   4 8 5 0 2 7 3 1 6
119   69   4 0 5 2 8 7 3 1 6
120   69   4 8 5 2 1 7 3 0 6
121   70   4 8 5 2 7 6 3 0 1
122   71   7 8 1 4 2 0 3 6 5
123   72   7 2 8 0 4 1 3 6 5
124   72   7 2 8 4 1 0 3 6 5
125   72   7 2 8 4 6 1 3 0 5
126   73   4 7 8 3 2 0 6 5 1
127   74   4 7 8 0 3 1 6 2 5
128   74   4 7 8 3 1 0 6 2 5
129   74   4 0 8 3 7 1 6 2 5
130   75   2 4 8 7 1 0 3 6 5
131   75   2 0 8 7 4 1 3 6 5
132   75   2 4 8 7 6 1 3 0 5
133   76   2 4 8 3 7 1 6 0 5
134   77   4 8 1 0 2 7 3 6 5
135   77   4 0 1 2 8 7 3 6 5
136   77   4 8 1 2 6 7 3 0 5
137   78   4 8 1 2 7 5 3 0 6
138   79   4 7 8 6 1 0 2 3 5
139   79   4 0 8 6 7 1 2 3 5
140   79   4 7 8 6 3 1 2 0 5
141   80   7 0 8 4 6 1 2 3 5
142   81   4 0 7 2 6 8 3 5 1
143   82   2 4 7 1 8 0 3 6 5
144   82   2 0 7 1 4 8 3 6 5
145   82   2 4 7 1 6 8 3 0 5
146   83   2 4 7 3 1 8 6 0 5
147   84   1 0 7 4 2 8 3 6 5
148   85   4 1 7 3 2 8 6 0 5
149   87   4 1 7 2 8 5 3 0 6
150   88   4 1 7 0 6 8 2 3 5
151   89   4 1 7 2 6 0 3 5 8
152   90   0 4 7 1 5 8 2 3 6
153   90   4 5 7 1 0 8 2 3 6
154   91   4 7 8 1 5 6 0 2 3
155   91   4 7 8 1 0 6 2 5 3
156   92   1 4 8 7 0 5 2 3 6
157   92   1 4 8 2 7 5 0 3 6
158   93   4 8 5 1 0 7 2 3 6
159   93   4 8 5 1 7 6 2 3 0
160   94   0 7 8 4 3 5 1 2 6
161   95   4 7 8 1 0 3 2 6 5
162   95   4 7 0 1 3 8 2 6 5
163   96   7 8 5 4 0 1 2 3 6
164   96   7 8 5 4 1 6 2 3 0
165   97   0 1 8 7 4 5 2 3 6
166   97   7 1 8 2 4 5 0 3 6
167   98   7 1 0 4 5 8 2 3 6
168   98   7 1 8 4 5 6 2 3 0
169   99   7 1 8 4 3 5 0 2 6
170   99   7 1 8 4 3 5 2 6 0
171   100   7 8 5 4 0 2 3 1 6
172   100   7 8 5 4 2 6 3 1 0
173   101   0 2 8 7 4 5 3 1 6
174   101   7 2 8 3 4 5 0 1 6
175   102   7 2 0 4 5 8 3 1 6
176   102   7 2 8 4 5 6 3 1 0
177   103   7 2 8 4 1 5 0 3 6
178   103   7 2 8 4 1 5 3 6 0
179   104   4 7 8 3 0 2 1 6 5
180   104   4 7 0 3 2 8 1 6 5
181   105   4 7 0 3 5 8 1 2 6
182   105   4 7 8 3 5 6 1 2 0
183   106   0 4 8 3 7 5 1 2 6
184   106   4 8 0 3 7 5 1 2 6
185   107   2 4 7 5 0 8 3 1 6
186   107   2 4 7 3 5 8 0 1 6
187   108   0 5 7 4 2 8 3 1 6
188   108   4 5 7 3 2 8 0 1 6
189   109   4 5 0 2 8 7 3 1 6
190   109   4 5 7 2 8 6 3 1 0
191   110   4 5 7 2 1 8 0 3 6
192   110   4 5 7 2 1 8 3 6 0
193   111   4 7 8 5 0 6 2 3 1
194   111   0 7 8 4 5 6 2 3 1
195   112   0 7 8 4 2 6 3 5 1
196   112   4 7 8 3 2 6 0 5 1
197   113   0 4 8 2 7 6 3 5 1
198   113   4 8 0 2 7 6 3 5 1
199   114   2 4 0 7 5 8 3 1 6
200   114   2 4 8 7 5 6 3 1 0
201   115   2 8 0 7 4 5 3 1 6
202   116   2 4 8 7 1 5 0 3 6
203   116   2 4 8 7 1 5 3 6 0
204   117   2 4 8 3 7 5 1 6 0
205   117   2 4 8 3 0 5 1 7 6
206   118   0 8 5 4 2 7 3 1 6
207   118   4 8 5 3 2 7 0 1 6
208   119   0 4 5 2 8 7 3 1 6
209   120   4 8 5 2 1 7 0 3 6
210   120   4 8 5 2 1 7 3 6 0
211   121   4 8 5 2 7 6 0 3 1
212   121   4 8 5 2 0 6 3 7 1
213   122   7 8 1 4 0 2 3 6 5
214   122   7 8 1 4 2 5 3 6 0
215   123   0 2 8 7 4 1 3 6 5
216   123   7 2 8 3 4 1 0 6 5
217   124   7 2 0 4 1 8 3 6 5
218   125   7 2 8 4 6 1 0 3 5
219   125   7 2 8 4 6 1 3 5 0
220   126   4 7 8 3 0 2 6 5 1
221   126   4 7 0 3 2 8 6 5 1
222   127   0 7 8 4 3 1 6 2 5
223   127   4 7 8 6 3 1 0 2 5
224   128   4 7 0 3 1 8 6 2 5
225   128   4 7 8 3 1 5 6 2 0
226   129   0 4 8 3 7 1 6 2 5
227   129   4 8 0 3 7 1 6 2 5
228   130   2 4 0 7 1 8 3 6 5
229   131   2 8 0 7 4 1 3 6 5
230   132   2 4 8 7 6 1 0 3 5
231   132   2 4 8 7 6 1 3 5 0
232   133   2 4 8 3 7 1 6 5 0
233   133   2 4 8 3 0 1 6 7 5
234   134   0 8 1 4 2 7 3 6 5
235   134   4 8 1 3 2 7 0 6 5
236   135   0 4 1 2 8 7 3 6 5
237   136   4 8 1 2 6 7 0 3 5
238   136   4 8 1 2 6 7 3 5 0
239   137   4 8 1 2 7 5 0 3 6
240   137   4 8 1 2 0 5 3 7 6
241   138   4 7 0 6 1 8 2 3 5
242   138   4 7 8 6 1 5 2 3 0
243   139   0 4 8 6 7 1 2 3 5
244   139   4 8 0 6 7 1 2 3 5
245   140   4 7 8 6 3 1 2 5 0
246   141   7 8 0 4 6 1 2 3 5
247   141   7 6 8 4 0 1 2 3 5
248   142   0 4 7 2 6 8 3 5 1
249   142   4 6 7 2 0 8 3 5 1
250   143   2 4 0 1 8 7 3 6 5
251   143   2 4 7 1 8 5 3 6 0
252   144   0 2 7 1 4 8 3 6 5
253   144   2 7 0 1 4 8 3 6 5
254   145   2 4 7 1 6 8 0 3 5
255   145   2 4 7 1 6 8 3 5 0
256   146   2 4 7 3 1 8 6 5 0
257   146   2 4 7 3 0 8 6 1 5
258   147   1 7 0 4 2 8 3 6 5
259   147   1 2 7 4 0 8 3 6 5
260   148   4 1 7 3 2 8 6 5 0
261   148   4 1 7 3 0 8 6 2 5
262   149   4 1 7 2 8 5 0 3 6
263   149   4 1 7 2 0 5 3 8 6
264   150   4 1 7 6 0 8 2 3 5
265   150   0 1 7 4 6 8 2 3 5
266   151   4 1 7 2 0 6 3 5 8
267   151   4 1 0 2 6 7 3 5 8
268   152   1 4 7 0 5 8 2 3 6
269   153   4 5 7 0 1 8 2 3 6
270   153   4 5 7 1 8 0 2 3 6
271   153   4 5 7 1 3 8 2 0 6
272   154   4 7 8 0 5 6 1 2 3
273   155   4 7 8 0 1 6 2 5 3
274   155   4 7 8 1 6 0 2 5 3
275   155   4 0 8 1 7 6 2 5 3
276   156   1 4 8 7 5 0 2 3 6
277   156   1 0 8 7 4 5 2 3 6
278   156   1 4 8 7 3 5 2 0 6
279   157   1 4 8 2 7 5 3 0 6
280   158   4 8 5 0 1 7 2 3 6
281   158   4 0 5 1 8 7 2 3 6
282   158   4 8 5 1 3 7 2 0 6
283   159   4 8 5 1 7 6 2 0 3
284   160   7 0 8 4 3 5 1 2 6
285   161   4 7 8 0 1 3 2 6 5
286   161   4 0 8 1 7 3 2 6 5
287   161   4 7 8 1 6 3 2 0 5
288   162   4 0 7 1 3 8 2 6 5
289   163   7 8 5 0 4 1 2 3 6
290   163   7 0 5 4 8 1 2 3 6
291   163   7 8 5 4 3 1 2 0 6
292   164   7 8 5 4 1 6 2 0 3
293   166   7 1 8 2 4 5 3 0 6
294   167   7 0 1 4 5 8 2 3 6
295   168   7 1 8 4 5 6 2 0 3
296   169   7 1 8 0 3 5 4 2 6
297   170   7 1 8 4 3 0 2 6 5
298   171   7 8 5 0 4 2 3 1 6
299   171   7 0 5 4 8 2 3 1 6
300   171   7 8 5 4 1 2 3 0 6
301   172   7 8 5 4 2 6 3 0 1
302   174   7 2 8 3 4 5 1 0 6
303   175   7 0 2 4 5 8 3 1 6
304   176   7 2 8 4 5 6 3 0 1
305   177   7 2 8 0 1 5 4 3 6
306   179   4 7 8 0 3 2 1 6 5
307   179   4 0 8 3 7 2 1 6 5
308   179   4 7 8 3 6 2 1 0 5
309   180   4 0 7 3 2 8 1 6 5
310   181   4 0 7 3 5 8 1 2 6
311   182   4 7 8 3 5 6 1 0 2
312   183   3 4 8 0 7 5 1 2 6
313   184   4 8 5 3 7 0 1 2 6
314   185   2 4 7 5 8 0 3 1 6
315   185   2 0 7 5 4 8 3 1 6
316   185   2 4 7 5 1 8 3 0 6
317   186   2 4 7 3 5 8 1 0 6
318   187   5 0 7 4 2 8 3 1 6
319   188   4 5 7 3 2 8 1 0 6
320   190   4 5 7 2 8 6 3 0 1
321   192   4 5 7 2 1 0 3 6 8
322   193   4 7 8 5 6 0 2 3 1
323   193   4 0 8 5 7 6 2 3 1
324   193   4 7 8 5 3 6 2 0 1
325   194   7 0 8 4 5 6 2 3 1
326   195   7 0 8 4 2 6 3 5 1
327   196   4 7 8 3 2 6 5 0 1
328   197   2 4 8 0 7 6 3 5 1
329   198   4 8 6 2 7 0 3 5 1
330   199   2 0 4 7 5 8 3 1 6
331   200   2 4 8 7 5 6 3 0 1
332   201   2 8 5 7 4 0 3 1 6
333   202   2 4 8 0 1 5 7 3 6
334   204   2 4 8 3 7 0 1 6 5
335   205   2 4 8 0 3 5 1 7 6
336   205   2 4 8 3 5 0 1 7 6
337   205   2 0 8 3 4 5 1 7 6
338   206   8 0 5 4 2 7 3 1 6
339   207   4 8 5 3 2 7 1 0 6
340   208   2 4 5 0 8 7 3 1 6
341   210   4 8 5 2 1 0 3 6 7
342   211   4 8 5 0 7 6 2 3 1
343   212   4 8 5 0 2 6 3 7 1
344   212   4 8 5 2 6 0 3 7 1
345   212   4 0 5 2 8 6 3 7 1
346   213   7 8 1 0 4 2 3 6 5
347   213   7 0 1 4 8 2 3 6 5
348   213   7 8 1 4 6 2 3 0 5
349   214   7 8 1 4 2 5 3 0 6
350   216   7 2 8 3 4 1 6 0 5
351   217   7 0 2 4 1 8 3 6 5
352   218   7 2 8 0 6 1 4 3 5
353   219   7 2 8 4 6 0 3 5 1
354   220   4 7 8 0 3 2 6 5 1
355   220   4 0 8 3 7 2 6 5 1
356   220   4 7 8 3 5 2 6 0 1
357   221   4 0 7 3 2 8 6 5 1
358   222   7 0 8 4 3 1 6 2 5
359   224   4 0 7 3 1 8 6 2 5
360   225   4 7 8 3 1 5 6 0 2
361   226   3 4 8 0 7 1 6 2 5
362   227   4 8 1 3 7 0 6 2 5
363   228   2 0 4 7 1 8 3 6 5
364   229   2 8 1 7 4 0 3 6 5
365   230   2 4 8 0 6 1 7 3 5
366   231   2 4 8 7 6 0 3 5 1
367   232   2 4 8 3 7 0 6 5 1
368   233   2 4 8 0 3 1 6 7 5
369   233   2 4 8 3 1 0 6 7 5
370   233   2 0 8 3 4 1 6 7 5
371   234   8 0 1 4 2 7 3 6 5
372   235   4 8 1 3 2 7 6 0 5
373   236   2 4 1 0 8 7 3 6 5
374   237   4 8 1 0 6 7 2 3 5
375   238   4 8 1 2 6 0 3 5 7
376   239   4 8 1 0 7 5 2 3 6
377   240   4 8 1 0 2 5 3 7 6
378   240   4 8 1 2 5 0 3 7 6
379   240   4 0 1 2 8 5 3 7 6
380   241   4 0 7 6 1 8 2 3 5
381   242   4 7 8 6 1 5 2 0 3
382   243   6 4 8 0 7 1 2 3 5
383   244   4 8 1 6 7 0 2 3 5
384   245   4 7 8 6 3 0 2 5 1
385   246   7 8 1 4 6 0 2 3 5
386   247   7 6 8 0 4 1 2 3 5
387   247   7 6 8 4 1 0 2 3 5
388   247   7 6 8 4 3 1 2 0 5
389   248   2 4 7 0 6 8 3 5 1
390   249   4 6 7 0 2 8 3 5 1
391   249   4 6 7 2 8 0 3 5 1
392   249   4 6 7 2 5 8 3 0 1
393   250   2 0 4 1 8 7 3 6 5
394   251   2 4 7 1 8 5 3 0 6
395   252   1 2 7 0 4 8 3 6 5
396   253   2 7 8 1 4 0 3 6 5
397   254   2 4 7 0 6 8 1 3 5
398   255   2 4 7 1 6 0 3 5 8
399   256   2 4 7 3 1 0 6 5 8
400   257   2 4 7 0 3 8 6 1 5
401   257   2 4 7 3 8 0 6 1 5
402   257   2 0 7 3 4 8 6 1 5
403   258   1 7 8 4 2 0 3 6 5
404   259   1 2 7 4 8 0 3 6 5
405   259   1 2 7 4 6 8 3 0 5
406   260   4 1 7 3 2 0 6 5 8
407   261   4 1 7 0 3 8 6 2 5
408   261   4 1 7 3 8 0 6 2 5
409   262   4 1 7 0 8 5 2 3 6
410   263   4 1 7 0 2 5 3 8 6
411   263   4 1 7 2 5 0 3 8 6
412   263   4 0 7 2 1 5 3 8 6
413   264   4 1 7 6 8 0 2 3 5
414   264   4 1 7 6 3 8 2 0 5
415   265   1 0 7 4 6 8 2 3 5
416   266   4 1 7 0 2 6 3 5 8
417   266   4 0 7 2 1 6 3 5 8
418   266   4 1 7 2 5 6 3 0 8
419   267   4 0 1 2 6 7 3 5 8
420   268   1 4 7 5 0 8 2 3 6
421   268   1 4 7 2 5 8 0 3 6
422   269   0 5 7 4 1 8 2 3 6
423   270   4 5 0 1 8 7 2 3 6
424   270   4 5 7 1 8 6 2 3 0
425   271   4 5 7 1 3 8 0 2 6
426   271   4 5 7 1 3 8 2 6 0
427   272   4 7 8 5 0 6 1 2 3
428   272   0 7 8 4 5 6 1 2 3
429   273   0 7 8 4 1 6 2 5 3
430   273   4 7 8 2 1 6 0 5 3
431   274   4 7 0 1 6 8 2 5 3
432   274   4 7 8 1 6 3 2 5 0
433   275   0 4 8 1 7 6 2 5 3
434   275   4 8 0 1 7 6 2 5 3
435   276   1 4 0 7 5 8 2 3 6
436   276   1 4 8 7 5 6 2 3 0
437   277   1 8 0 7 4 5 2 3 6
438   278   1 4 8 7 3 5 0 2 6
439   278   1 4 8 7 3 5 2 6 0
440   279   1 4 8 2 7 5 3 6 0
441   279   1 4 8 2 0 5 3 7 6
442   280   0 8 5 4 1 7 2 3 6
443   281   0 4 5 1 8 7 2 3 6
444   282   4 8 5 1 3 7 0 2 6
445   282   4 8 5 1 3 7 2 6 0
446   283   4 8 5 1 7 6 0 2 3
447   283   4 8 5 1 0 6 2 7 3
448   284   7 8 0 4 3 5 1 2 6
449   284   7 3 8 4 0 5 1 2 6
450   285   0 7 8 4 1 3 2 6 5
451   285   4 7 8 2 1 3 0 6 5
452   286   0 4 8 1 7 3 2 6 5
453   286   4 8 0 1 7 3 2 6 5
454   287   4 7 8 1 6 3 0 2 5
455   288   0 4 7 1 3 8 2 6 5
456   288   4 3 7 1 0 8 2 6 5
457   289   0 8 5 7 4 1 2 3 6
458   289   7 8 5 2 4 1 0 3 6
459   290   0 7 5 4 8 1 2 3 6
460   290   7 5 0 4 8 1 2 3 6
461   291   7 8 5 4 3 1 0 2 6
462   291   7 8 5 4 3 1 2 6 0
463   292   7 8 5 4 1 6 0 2 3
464   292   7 8 5 4 0 6 2 1 3
465   293   7 1 8 2 4 5 3 6 0
466   293   7 1 8 2 0 5 3 4 6
467   294   0 7 1 4 5 8 2 3 6
468   294   7 5 1 4 0 8 2 3 6
469   295   7 1 8 4 5 6 0 2 3
470   295   7 1 8 4 0 6 2 5 3
471   296   7 1 8 3 0 5 4 2 6
472   296   0 1 8 7 3 5 4 2 6
473   297   7 1 8 4 0 3 2 6 5
474   297   7 1 0 4 3 8 2 6 5
475   298   0 8 5 7 4 2 3 1 6
476   298   7 8 5 3 4 2 0 1 6
477   299   0 7 5 4 8 2 3 1 6
478   299   7 5 0 4 8 2 3 1 6
479   300   7 8 5 4 1 2 0 3 6
480   300   7 8 5 4 1 2 3 6 0
481   301   7 8 5 4 2 6 0 3 1
482   301   7 8 5 4 0 6 3 2 1
483   302   7 2 8 3 4 5 1 6 0
484   302   7 2 8 3 0 5 1 4 6
485   303   0 7 2 4 5 8 3 1 6
486   303   7 5 2 4 0 8 3 1 6
487   304   7 2 8 4 5 6 0 3 1
488   304   7 2 8 4 0 6 3 5 1
489   305   7 2 8 1 0 5 4 3 6
490   305   0 2 8 7 1 5 4 3 6
491   306   0 7 8 4 3 2 1 6 5
492   306   4 7 8 1 3 2 0 6 5
493   307   0 4 8 3 7 2 1 6 5
494   307   4 8 0 3 7 2 1 6 5
495   308   4 7 8 3 6 2 0 1 5
496   308   4 7 8 3 6 2 1 5 0
497   309   0 4 7 3 2 8 1 6 5
498   309   4 2 7 3 0 8 1 6 5
499   310   0 4 7 3 5 8 1 2 6
500   310   4 5 7 3 0 8 1 2 6
501   311   4 7 8 3 5 6 0 1 2
502   311   4 7 8 3 0 6 1 5 2
503   312   3 4 8 7 0 5 1 2 6
504   312   3 4 8 1 7 5 0 2 6
505   313   4 8 5 3 0 7 1 2 6
506   313   4 8 5 3 7 6 1 2 0
507   314   2 4 0 5 8 7 3 1 6
508   314   2 4 7 5 8 6 3 1 0
509   315   0 2 7 5 4 8 3 1 6
510   315   2 7 0 5 4 8 3 1 6
511   316   2 4 7 5 1 8 0 3 6
512   316   2 4 7 5 1 8 3 6 0
513   317   2 4 7 3 5 8 1 6 0
514   317   2 4 7 3 0 8 1 5 6
515   318   5 7 0 4 2 8 3 1 6
516   318   5 2 7 4 0 8 3 1 6
517   319   4 5 7 3 2 8 1 6 0
518   320   4 5 7 2 8 6 0 3 1
519   320   4 5 7 2 0 6 3 8 1
520   321   4 5 7 2 0 1 3 6 8
521   321   4 5 0 2 1 7 3 6 8
522   322   4 7 0 5 6 8 2 3 1
523   322   4 7 8 5 6 1 2 3 0
524   323   0 4 8 5 7 6 2 3 1
525   323   4 8 0 5 7 6 2 3 1
526   324   4 7 8 5 3 6 0 2 1
527   324   4 7 8 5 3 6 2 1 0
528   325   7 8 0 4 5 6 2 3 1
529   325   7 5 8 4 0 6 2 3 1
530   326   7 8 0 4 2 6 3 5 1
531   327   4 7 8 3 2 6 5 1 0
532   327   4 7 8 3 0 6 5 2 1
533   328   2 4 8 7 0 6 3 5 1
534   328   2 4 8 3 7 6 0 5 1
535   329   4 8 6 2 0 7 3 5 1
536   329   4 8 6 2 7 1 3 5 0
537   330   0 2 4 7 5 8 3 1 6
538   330   2 5 4 7 0 8 3 1 6
539   331   2 4 8 7 5 6 0 3 1
540   332   2 8 5 7 0 4 3 1 6
541   332   2 8 5 7 4 6 3 1 0
542   333   2 4 8 1 0 5 7 3 6
543   333   0 4 8 2 1 5 7 3 6
544   334   2 4 8 3 0 7 1 6 5
545   334   2 4 0 3 7 8 1 6 5
546   335   0 4 8 2 3 5 1 7 6
547   335   2 4 8 1 3 5 0 7 6
548   336   2 4 0 3 5 8 1 7 6
549   336   2 4 8 3 5 6 1 7 0
550   337   0 2 8 3 4 5 1 7 6
551   337   2 8 0 3 4 5 1 7 6
552   338   8 5 0 4 2 7 3 1 6
553   338   8 2 5 4 0 7 3 1 6
554   339   4 8 5 3 2 7 1 6 0
555   340   2 4 5 8 0 7 3 1 6
556   340   2 4 5 3 8 7 0 1 6
557   341   4 8 5 2 0 1 3 6 7
558   341   4 8 0 2 1 5 3 6 7
559   342   4 8 5 7 0 6 2 3 1
560   342   0 8 5 4 7 6 2 3 1
561   343   0 8 5 4 2 6 3 7 1
562   343   4 8 5 3 2 6 0 7 1
563   344   4 8 0 2 6 5 3 7 1
564   344   4 8 5 2 6 1 3 7 0
565   345   0 4 5 2 8 6 3 7 1
566   345   4 5 0 2 8 6 3 7 1
567   346   0 8 1 7 4 2 3 6 5
568   346   7 8 1 3 4 2 0 6 5
569   347   0 7 1 4 8 2 3 6 5
570   347   7 1 0 4 8 2 3 6 5
571   348   7 8 1 4 6 2 0 3 5
572   348   7 8 1 4 6 2 3 5 0
573   349   7 8 1 4 2 5 0 3 6
574   349   7 8 1 4 0 5 3 2 6
575   350   7 2 8 3 4 1 6 5 0
576   350   7 2 8 3 0 1 6 4 5
577   351   0 7 2 4 1 8 3 6 5
578   351   7 1 2 4 0 8 3 6 5
579   352   7 2 8 6 0 1 4 3 5
580   352   0 2 8 7 6 1 4 3 5
581   353   7 2 0 4 6 8 3 5 1
582   354   0 7 8 4 3 2 6 5 1
583   354   4 7 8 6 3 2 0 5 1
584   355   0 4 8 3 7 2 6 5 1
585   355   4 8 0 3 7 2 6 5 1
586   356   4 7 8 3 5 2 0 6 1
587   356   4 7 8 3 5 2 6 1 0
588   357   0 4 7 3 2 8 6 5 1
589   357   4 2 7 3 0 8 6 5 1
590   358   7 8 0 4 3 1 6 2 5
591   358   7 3 8 4 0 1 6 2 5
592   359   0 4 7 3 1 8 6 2 5
593   360   4 7 8 3 1 5 0 6 2
594   360   4 7 8 3 0 5 6 1 2
595   361   3 4 8 7 0 1 6 2 5
596   361   3 4 8 6 7 1 0 2 5
597   362   4 8 1 3 0 7 6 2 5
598   362   4 8 1 3 7 5 6 2 0
599   363   0 2 4 7 1 8 3 6 5
600   363   2 1 4 7 0 8 3 6 5
601   364   2 8 1 7 0 4 3 6 5
602   364   2 8 1 7 4 5 3 6 0
603   365   2 4 8 6 0 1 7 3 5
604   365   0 4 8 2 6 1 7 3 5
605   366   2 4 0 7 6 8 3 5 1
606   367   2 4 8 3 0 7 6 5 1
607   367   2 4 0 3 7 8 6 5 1
608   368   0 4 8 2 3 1 6 7 5
609   368   2 4 8 6 3 1 0 7 5
610   369   2 4 0 3 1 8 6 7 5
611   369   2 4 8 3 1 5 6 7 0
612   370   0 2 8 3 4 1 6 7 5
613   370   2 8 0 3 4 1 6 7 5
614   371   8 1 0 4 2 7 3 6 5
615   371   8 2 1 4 0 7 3 6 5
616   372   4 8 1 3 2 7 6 5 0
617   373   2 4 1 8 0 7 3 6 5
618   373   2 4 1 3 8 7 0 6 5
619   374   4 8 1 6 0 7 2 3 5
620   374   0 8 1 4 6 7 2 3 5
621   375   4 8 1 2 0 6 3 5 7
622   375   4 8 0 2 6 1 3 5 7
623   376   4 8 1 7 0 5 2 3 6
624   376   0 8 1 4 7 5 2 3 6
625   377   0 8 1 4 2 5 3 7 6
626   377   4 8 1 3 2 5 0 7 6
627   378   4 8 0 2 5 1 3 7 6
628   378   4 8 1 2 5 6 3 7 0
629   379   0 4 1 2 8 5 3 7 6
630   379   4 1 0 2 8 5 3 7 6
631   380   0 4 7 6 1 8 2 3 5
632   381   4 7 8 6 1 5 0 2 3
633   381   4 7 8 6 0 5 2 1 3
634   382   6 4 8 7 0 1 2 3 5
635   382   6 4 8 2 7 1 0 3 5
636   383   4 8 1 6 7 5 2 3 0
637   384   4 7 8 6 0 3 2 5 1
638   384   4 7 0 6 3 8 2 5 1
639   385   7 8 1 4 0 6 2 3 5
640   385   7 8 1 4 6 5 2 3 0
641   386   0 6 8 7 4 1 2 3 5
642   386   7 6 8 2 4 1 0 3 5
643   387   7 6 0 4 1 8 2 3 5
644   387   7 6 8 4 1 5 2 3 0
645   388   7 6 8 4 3 1 0 2 5
646   388   7 6 8 4 3 1 2 5 0
647   389   2 4 7 6 0 8 3 5 1
648   389   2 4 7 3 6 8 0 5 1
649   390   0 6 7 4 2 8 3 5 1
650   390   4 6 7 3 2 8 0 5 1
651   391   4 6 0 2 8 7 3 5 1
652   391   4 6 7 2 8 1 3 5 0
653   392   4 6 7 2 5 8 0 3 1
654   392   4 6 7 2 5 8 3 1 0
655   393   0 2 4 1 8 7 3 6 5
656   393   2 8 4 1 0 7 3 6 5
657   394   2 4 7 1 8 5 0 3 6
658   394   2 4 7 1 0 5 3 8 6
659   395   1 2 7 3 4 8 0 6 5
660   396   2 7 8 1 0 4 3 6 5
661   396   2 7 8 1 4 5 3 6 0
662   397   2 4 7 6 0 8 1 3 5
663   397   0 4 7 2 6 8 1 3 5
664   398   2 4 7 1 0 6 3 5 8
665   398   2 4 0 1 6 7 3 5 8
666   399   2 4 7 3 0 1 6 5 8
667   399   2 4 0 3 1 7 6 5 8
668   400   0 4 7 2 3 8 6 1 5
669   400   2 4 7 6 3 8 0 1 5
670   401   2 4 0 3 8 7 6 1 5
671   401   2 4 7 3 8 5 6 1 0
672   402   0 2 7 3 4 8 6 1 5
673   402   2 7 0 3 4 8 6 1 5
674   403   1 7 8 4 0 2 3 6 5
675   403   1 7 8 4 2 5 3 6 0
676   404   1 2 0 4 8 7 3 6 5
677   404   1 2 7 4 8 5 3 6 0
678   405   1 2 7 4 6 8 0 3 5
679   405   1 2 7 4 6 8 3 5 0
680   406   4 1 7 3 0 2 6 5 8
681   406   4 1 0 3 2 7 6 5 8
682   407   0 1 7 4 3 8 6 2 5
683   407   4 1 7 6 3 8 0 2 5
684   408   4 1 0 3 8 7 6 2 5
685   408   4 1 7 3 8 5 6 2 0
686   409   4 1 7 8 0 5 2 3 6
687   409   0 1 7 4 8 5 2 3 6
688   410   0 1 7 4 2 5 3 8 6
689   410   4 1 7 3 2 5 0 8 6
690   411   4 1 0 2 5 7 3 8 6
691   411   4 1 7 2 5 6 3 8 0
692   412   0 4 7 2 1 5 3 8 6
693   412   4 7 0 2 1 5 3 8 6
694   413   4 1 0 6 8 7 2 3 5
695   413   4 1 7 6 8 5 2 3 0
696   414   4 1 7 6 3 8 2 5 0
697   415   1 7 0 4 6 8 2 3 5
698   415   1 6 7 4 0 8 2 3 5
699   416   0 1 7 4 2 6 3 5 8
700   416   4 1 7 3 2 6 0 5 8
701   417   0 4 7 2 1 6 3 5 8
702   417   4 7 0 2 1 6 3 5 8
703   418   4 1 7 2 5 6 0 3 8
704   419   0 4 1 2 6 7 3 5 8
705   419   4 6 1 2 0 7 3 5 8
706   420   1 4 7 5 8 0 2 3 6
707   420   1 0 7 5 4 8 2 3 6
708   420   1 4 7 5 3 8 2 0 6
709   421   1 4 7 2 5 8 3 0 6
710   422   5 0 7 4 1 8 2 3 6
711   424   4 5 7 1 8 6 2 0 3
712   425   4 5 7 0 3 8 1 2 6
713   426   4 5 7 1 3 0 2 6 8
714   427   4 7 8 5 6 0 1 2 3
715   427   4 0 8 5 7 6 1 2 3
716   427   4 7 8 5 2 6 1 0 3
717   428   7 0 8 4 5 6 1 2 3
718   429   7 0 8 4 1 6 2 5 3
719   430   4 7 8 2 1 6 5 0 3
720   431   4 0 7 1 6 8 2 5 3
721   433   1 4 8 0 7 6 2 5 3
722   434   4 8 6 1 7 0 2 5 3
723   435   1 0 4 7 5 8 2 3 6
724   436   1 4 8 7 5 6 2 0 3
725   437   1 8 5 7 4 0 2 3 6
726   438   1 4 8 0 3 5 7 2 6
727   439   1 4 8 7 3 0 2 6 5
728   440   1 4 8 2 7 0 3 6 5
729   441   1 4 8 0 2 5 3 7 6
730   441   1 4 8 2 5 0 3 7 6
731   441   1 0 8 2 4 5 3 7 6
732   442   8 0 5 4 1 7 2 3 6
733   443   1 4 5 0 8 7 2 3 6
734   444   4 8 5 0 3 7 1 2 6
735   445   4 8 5 1 3 0 2 6 7
736   446   4 8 5 0 7 6 1 2 3
737   447   4 8 5 0 1 6 2 7 3
738   447   4 8 5 1 6 0 2 7 3
739   447   4 0 5 1 8 6 2 7 3
740   448   7 8 5 4 3 0 1 2 6
741   449   7 3 8 0 4 5 1 2 6
742   449   7 3 8 4 5 0 1 2 6
743   449   7 3 8 4 2 5 1 0 6
744   450   7 0 8 4 1 3 2 6 5
745   451   4 7 8 2 1 3 6 0 5
746   452   1 4 8 0 7 3 2 6 5
747   453   4 8 3 1 7 0 2 6 5
748   454   4 7 8 0 6 3 1 2 5
749   455   1 4 7 0 3 8 2 6 5
750   456   4 3 7 0 1 8 2 6 5
751   456   4 3 7 1 8 0 2 6 5
752   456   4 3 7 1 6 8 2 0 5
753   457   8 0 5 7 4 1 2 3 6
754   458   7 8 5 2 4 1 3 0 6
755   459   4 7 5 0 8 1 2 3 6
756   460   7 5 1 4 8 0 2 3 6
757   461   7 8 5 0 3 1 4 2 6
758   462   7 8 5 4 3 0 2 6 1
759   463   7 8 5 0 1 6 4 2 3
760   464   7 8 5 0 4 6 2 1 3
761   464   7 8 5 4 6 0 2 1 3
762   464   7 0 5 4 8 6 2 1 3
763   465   7 1 8 2 4 0 3 6 5
764   466   7 1 8 0 2 5 3 4 6
765   466   7 1 8 2 5 0 3 4 6
766   466   7 0 8 2 1 5 3 4 6
767   467   4 7 1 0 5 8 2 3 6
768   468   7 5 1 0 4 8 2 3 6
769   468   7 5 1 4 3 8 2 0 6
770   469   7 1 8 0 5 6 4 2 3
771   470   7 1 8 0 4 6 2 5 3
772   470   7 1 8 4 6 0 2 5 3
773   471   7 1 8 3 5 0 4 2 6
774   471   7 0 8 3 1 5 4 2 6
775   471   7 1 8 3 2 5 4 0 6
776   472   1 0 8 7 3 5 4 2 6
777   473   7 1 8 0 4 3 2 6 5
778   473   7 1 8 4 6 3 2 0 5
779   474   7 0 1 4 3 8 2 6 5
780   475   8 0 5 7 4 2 3 1 6
781   476   7 8 5 3 4 2 1 0 6
782   477   4 7 5 0 8 2 3 1 6
783   478   7 5 2 4 8 0 3 1 6
784   479   7 8 5 0 1 2 4 3 6
785   480   7 8 5 4 1 0 3 6 2
786   481   7 8 5 0 2 6 4 3 1
787   482   7 8 5 0 4 6 3 2 1
788   482   7 8 5 4 6 0 3 2 1
789   482   7 0 5 4 8 6 3 2 1
790   483   7 2 8 3 4 0 1 6 5
791   484   7 2 8 0 3 5 1 4 6
792   484   7 2 8 3 5 0 1 4 6
793   484   7 0 8 3 2 5 1 4 6
794   485   4 7 2 0 5 8 3 1 6
795   486   7 5 2 0 4 8 3 1 6
796   486   7 5 2 4 1 8 3 0 6
797   487   7 2 8 0 5 6 4 3 1
798   488   7 2 8 0 4 6 3 5 1
799   489   7 2 8 1 5 0 4 3 6
800   489   7 0 8 1 2 5 4 3 6
801   489   7 2 8 1 3 5 4 0 6
802   490   2 0 8 7 1 5 4 3 6
803   491   7 0 8 4 3 2 1 6 5
804   492   4 7 8 1 3 2 6 0 5
805   493   3 4 8 0 7 2 1 6 5
806   494   4 8 2 3 7 0 1 6 5
807   495   4 7 8 0 6 2 3 1 5
808   496   4 7 8 3 6 0 1 5 2
809   497   3 4 7 0 2 8 1 6 5
810   498   4 2 7 0 3 8 1 6 5
811   498   4 2 7 3 8 0 1 6 5
812   498   4 2 7 3 6 8 1 0 5
813   499   3 4 7 0 5 8 1 2 6
814   500   4 5 7 3 8 0 1 2 6
815   501   4 7 8 0 5 6 3 1 2
816   502   4 7 8 0 3 6 1 5 2
817   502   4 0 8 3 7 6 1 5 2
818   503   3 4 8 7 5 0 1 2 6
819   503   3 0 8 7 4 5 1 2 6
820   503   3 4 8 7 2 5 1 0 6
821   504   3 4 8 1 7 5 2 0 6
822   505   4 0 5 3 8 7 1 2 6
823   506   4 8 5 3 7 6 1 0 2
824   507   2 0 4 5 8 7 3 1 6
825   508   2 4 7 5 8 6 3 0 1
826   509   5 2 7 0 4 8 3 1 6
827   510   2 7 8 5 4 0 3 1 6
828   511   2 4 7 0 1 8 5 3 6
829   512   2 4 7 5 1 0 3 6 8
830   513   2 4 7 3 5 0 1 6 8
831   514   2 4 7 0 3 8 1 5 6
832   514   2 4 7 3 8 0 1 5 6
833   514   2 0 7 3 4 8 1 5 6
834   515   5 7 8 4 2 0 3 1 6
835   516   5 2 7 4 8 0 3 1 6
836   516   5 2 7 4 1 8 3 0 6
837   517   4 5 7 3 2 0 1 6 8
838   518   4 5 7 0 8 6 2 3 1
839   519   4 5 7 0 2 6 3 8 1
840   519   4 5 7 2 6 0 3 8 1
841   519   4 0 7 2 5 6 3 8 1
842   520   4 5 7 0 2 1 3 6 8
843   520   4 0 7 2 5 1 3 6 8
844   520   4 5 7 2 6 1 3 0 8
845   521   4 0 5 2 1 7 3 6 8
846   522   4 0 7 5 6 8 2 3 1
847   523   4 7 8 5 6 1 2 0 3
848   524   5 4 8 0 7 6 2 3 1
849   525   4 8 6 5 7 0 2 3 1
850   526   4 7 8 0 3 6 5 2 1
851   527   4 7 8 5 3 0 2 1 6
852   528   7 8 6 4 5 0 2 3 1
853   529   7 5 8 0 4 6 2 3 1
854   529   7 5 8 4 6 0 2 3 1
855   529   7 5 8 4 3 6 2 0 1
856   530   7 8 6 4 2 0 3 5 1
857   531   4 7 8 3 2 0 5 1 6
858   532   4 7 8 3 6 0 5 2 1
859   532   4 0 8 3 7 6 5 2 1
860   533   2 0 8 7 4 6 3 5 1
861   534   2 4 8 3 7 6 5 0 1
862   535   4 8 6 0 2 7 3 5 1
863   535   4 0 6 2 8 7 3 5 1
864   535   4 8 6 2 5 7 3 0 1
865   536   4 8 6 2 7 1 3 0 5
866   537   7 2 4 0 5 8 3 1 6
867   538   2 5 4 0 7 8 3 1 6
868   538   2 5 4 7 8 0 3 1 6
869   538   2 5 4 7 1 8 3 0 6
870   539   2 4 8 0 5 6 7 3 1
871   540   2 8 5 0 7 4 3 1 6
872   540   2 0 5 7 8 4 3 1 6
873   540   2 8 5 7 1 4 3 0 6
874   541   2 8 5 7 4 6 3 0 1
875   542   2 4 8 1 5 0 7 3 6
876   542   2 0 8 1 4 5 7 3 6
877   542   2 4 8 1 3 5 7 0 6
878   543   4 0 8 2 1 5 7 3 6
879   544   2 4 8 0 3 7 1 6 5
880   544   2 0 8 3 4 7 1 6 5
881   544   2 4 8 3 6 7 1 0 5
882   545   2 0 4 3 7 8 1 6 5
883   546   4 0 8 2 3 5 1 7 6
884   548   2 0 4 3 5 8 1 7 6
885   549   2 4 8 3 5 6 1 0 7
886   550   3 2 8 0 4 5 1 7 6
887   551   2 8 5 3 4 0 1 7 6
888   552   8 5 7 4 2 0 3 1 6
889   553   8 2 5 0 4 7 3 1 6
890   553   8 2 5 4 7 0 3 1 6
891   553   8 2 5 4 1 7 3 0 6
892   554   4 8 5 3 2 0 1 6 7
893   555   2 4 5 8 7 0 3 1 6
894   555   2 0 5 8 4 7 3 1 6
895   555   2 4 5 8 1 7 3 0 6
896   556   2 4 5 3 8 7 1 0 6
897   557   4 8 5 0 2 1 3 6 7
898   557   4 0 5 2 8 1 3 6 7
899   557   4 8 5 2 6 1 3 0 7
900   558   4 0 8 2 1 5 3 6 7
901   559   4 8 5 7 6 0 2 3 1
902   559   4 0 5 7 8 6 2 3 1
903   559   4 8 5 7 3 6 2 0 1
904   560   8 0 5 4 7 6 2 3 1
905   561   8 0 5 4 2 6 3 7 1
906   562   4 8 5 3 2 6 7 0 1
907   563   4 0 8 2 6 5 3 7 1
908   565   2 4 5 0 8 6 3 7 1
909   566   4 5 6 2 8 0 3 7 1
910   567   8 0 1 7 4 2 3 6 5
911   568   7 8 1 3 4 2 6 0 5
912   569   4 7 1 0 8 2 3 6 5
913   570   7 1 2 4 8 0 3 6 5
914   571   7 8 1 0 6 2 4 3 5
915   572   7 8 1 4 6 0 3 5 2
916   573   7 8 1 0 2 5 4 3 6
917   574   7 8 1 0 4 5 3 2 6
918   574   7 8 1 4 5 0 3 2 6
919   574   7 0 1 4 8 5 3 2 6
920   575   7 2 8 3 4 0 6 5 1
921   576   7 2 8 0 3 1 6 4 5
922   576   7 2 8 3 1 0 6 4 5
923   576   7 0 8 3 2 1 6 4 5
924   577   4 7 2 0 1 8 3 6 5
925   578   7 1 2 0 4 8 3 6 5
926   578   7 1 2 4 6 8 3 0 5
927   579   7 2 8 6 1 0 4 3 5
928   579   7 0 8 6 2 1 4 3 5
929   579   7 2 8 6 3 1 4 0 5
930   580   2 0 8 7 6 1 4 3 5
931   581   7 0 2 4 6 8 3 5 1
932   582   7 0 8 4 3 2 6 5 1
933   583   4 7 8 6 3 2 5 0 1
934   584   3 4 8 0 7 2 6 5 1
935   585   4 8 2 3 7 0 6 5 1
936   586   4 7 8 0 5 2 3 6 1
937   587   4 7 8 3 5 0 6 1 2
938   588   3 4 7 0 2 8 6 5 1
939   589   4 2 7 0 3 8 6 5 1
940   589   4 2 7 3 8 0 6 5 1
941   589   4 2 7 3 5 8 6 0 1
942   590   7 8 1 4 3 0 6 2 5
943   591   7 3 8 0 4 1 6 2 5
944   591   7 3 8 4 1 0 6 2 5
945   591   7 3 8 4 2 1 6 0 5
946   592   3 4 7 0 1 8 6 2 5
947   593   4 7 8 0 1 5 3 6 2
948   594   4 7 8 0 3 5 6 1 2
949   594   4 0 8 3 7 5 6 1 2
950   595   3 4 8 7 1 0 6 2 5
951   595   3 0 8 7 4 1 6 2 5
952   595   3 4 8 7 2 1 6 0 5
953   596   3 4 8 6 7 1 2 0 5
954   597   4 8 1 0 3 7 6 2 5
955   597   4 0 1 3 8 7 6 2 5
956   598   4 8 1 3 7 5 6 0 2
957   599   7 2 4 0 1 8 3 6 5
958   600   2 1 4 0 7 8 3 6 5
959   600   2 1 4 7 8 0 3 6 5
960   600   2 1 4 7 6 8 3 0 5
961   601   2 8 1 0 7 4 3 6 5
962   601   2 0 1 7 8 4 3 6 5
963   601   2 8 1 7 6 4 3 0 5
964   602   2 8 1 7 4 5 3 0 6
965   603   2 4 8 6 1 0 7 3 5
966   603   2 0 8 6 4 1 7 3 5
967   603   2 4 8 6 3 1 7 0 5
968   604   4 0 8 2 6 1 7 3 5
969   605   2 0 4 7 6 8 3 5 1
970   606   2 4 8 0 3 7 6 5 1
971   606   2 0 8 3 4 7 6 5 1
972   606   2 4 8 3 5 7 6 0 1
973   607   2 0 4 3 7 8 6 5 1
974   608   4 0 8 2 3 1 6 7 5
975   610   2 0 4 3 1 8 6 7 5
976   611   2 4 8 3 1 5 6 0 7
977   612   3 2 8 0 4 1 6 7 5
978   613   2 8 1 3 4 0 6 7 5
979   614   8 1 7 4 2 0 3 6 5
980   615   8 2 1 0 4 7 3 6 5
981   615   8 2 1 4 7 0 3 6 5
982   615   8 2 1 4 6 7 3 0 5
983   616   4 8 1 3 2 0 6 5 7
984   617   2 4 1 8 7 0 3 6 5
985   617   2 0 1 8 4 7 3 6 5
986   617   2 4 1 8 6 7 3 0 5
987   618   2 4 1 3 8 7 6 0 5
988   619   4 0 1 6 8 7 2 3 5
989   619   4 8 1 6 3 7 2 0 5
990   620   8 0 1 4 6 7 2 3 5
991   621   4 8 1 0 2 6 3 5 7
992   621   4 0 1 2 8 6 3 5 7
993   621   4 8 1 2 5 6 3 0 7
994   622   4 0 8 2 6 1 3 5 7
995   623   4 8 1 7 5 0 2 3 6
996   623   4 0 1 7 8 5 2 3 6
997   623   4 8 1 7 3 5 2 0 6
998   624   8 0 1 4 7 5 2 3 6
999   625   8 0 1 4 2 5 3 7 6
1000   626   4 8 1 3 2 5 7 0 6
1001   627   4 0 8 2 5 1 3 7 6
1002   629   2 4 1 0 8 5 3 7 6
1003   630   4 1 5 2 8 0 3 7 6
1004   631   6 4 7 0 1 8 2 3 5
1005   632   4 7 8 0 1 5 6 2 3
1006   633   4 7 8 0 6 5 2 1 3
1007   633   4 7 8 6 5 0 2 1 3
1008   633   4 0 8 6 7 5 2 1 3
1009   634   6 4 8 7 1 0 2 3 5
1010   634   6 0 8 7 4 1 2 3 5
1011   634   6 4 8 7 3 1 2 0 5
1012   635   6 4 8 2 7 1 3 0 5
1013   636   4 8 1 6 7 5 2 0 3
1014   637   4 7 8 0 6 3 2 5 1
1015   637   4 0 8 6 7 3 2 5 1
1016   637   4 7 8 6 5 3 2 0 1
1017   638   4 0 7 6 3 8 2 5 1
1018   639   7 8 1 0 4 6 2 3 5
1019   639   7 0 1 4 8 6 2 3 5
1020   639   7 8 1 4 3 6 2 0 5
1021   640   7 8 1 4 6 5 2 0 3
1022   642   7 6 8 2 4 1 3 0 5
1023   643   7 0 6 4 1 8 2 3 5
1024   644   7 6 8 4 1 5 2 0 3
1025   645   7 6 8 0 3 1 4 2 5
1026   646   7 6 8 4 3 0 2 5 1
1027   647   2 4 7 6 8 0 3 5 1
1028   647   2 0 7 6 4 8 3 5 1
1029   647   2 4 7 6 5 8 3 0 1
1030   648   2 4 7 3 6 8 5 0 1
1031   649   6 0 7 4 2 8 3 5 1
1032   650   4 6 7 3 2 8 5 0 1
1033   652   4 6 7 2 8 1 3 0 5
1034   653   4 6 7 0 5 8 2 3 1
1035   654   4 6 7 2 5 0 3 1 8
1036   655   1 2 4 0 8 7 3 6 5
1037   656   2 8 4 0 1 7 3 6 5
1038   656   2 8 4 1 7 0 3 6 5
1039   656   2 8 4 1 6 7 3 0 5
1040   657   2 4 7 0 8 5 1 3 6
1041   658   2 4 7 0 1 5 3 8 6
1042   658   2 4 7 1 5 0 3 8 6
1043   658   2 0 7 1 4 5 3 8 6
1044   659   1 2 7 3 4 8 6 0 5
1045   660   2 7 8 0 1 4 3 6 5
1046   660   2 0 8 1 7 4 3 6 5
1047   660   2 7 8 1 6 4 3 0 5
1048   661   2 7 8 1 4 5 3 0 6
1049   662   2 4 7 6 8 0 1 3 5
1050   662   2 0 7 6 4 8 1 3 5
1051   662   2 4 7 6 3 8 1 0 5
1052   663   4 0 7 2 6 8 1 3 5
1053   664   2 4 7 0 1 6 3 5 8
1054   664   2 0 7 1 4 6 3 5 8
1055   664   2 4 7 1 5 6 3 0 8
1056   665   2 0 4 1 6 7 3 5 8
1057   666   2 4 7 0 3 1 6 5 8
1058   666   2 0 7 3 4 1 6 5 8
1059   666   2 4 7 3 5 1 6 0 8
1060   667   2 0 4 3 1 7 6 5 8
1061   668   4 0 7 2 3 8 6 1 5
1062   670   2 0 4 3 8 7 6 1 5
1063   671   2 4 7 3 8 5 6 0 1
1064   672   3 2 7 0 4 8 6 1 5
1065   673   2 7 8 3 4 0 6 1 5
1066   674   1 7 8 0 4 2 3 6 5
1067   674   1 0 8 4 7 2 3 6 5
1068   674   1 7 8 4 6 2 3 0 5
1069   675   1 7 8 4 2 5 3 0 6
1070   676   1 0 2 4 8 7 3 6 5
1071   677   1 2 7 4 8 5 3 0 6
1072   678   1 2 7 0 6 8 4 3 5
1073   679   1 2 7 4 6 0 3 5 8
1074   680   4 1 7 0 3 2 6 5 8
1075   680   4 0 7 3 1 2 6 5 8
1076   680   4 1 7 3 5 2 6 0 8
1077   681   4 0 1 3 2 7 6 5 8
1078   682   1 0 7 4 3 8 6 2 5
1079   685   4 1 7 3 8 5 6 0 2
1080   686   4 1 7 8 5 0 2 3 6
1081   686   4 0 7 8 1 5 2 3 6
1082   686   4 1 7 8 3 5 2 0 6
1083   687   1 0 7 4 8 5 2 3 6
1084   688   1 0 7 4 2 5 3 8 6
1085   689   4 1 7 3 2 5 8 0 6
1086   690   4 0 1 2 5 7 3 8 6
1087   693   4 7 5 2 1 0 3 8 6
1088   695   4 1 7 6 8 5 2 0 3
1089   696   4 1 7 6 3 0 2 5 8
1090   697   1 7 8 4 6 0 2 3 5
1091   698   1 6 7 0 4 8 2 3 5
1092   698   1 6 7 4 8 0 2 3 5
1093   698   1 6 7 4 3 8 2 0 5
1094   699   1 0 7 4 2 6 3 5 8
1095   700   4 1 7 3 2 6 5 0 8
1096   702   4 7 6 2 1 0 3 5 8
1097   703   4 1 7 0 5 6 2 3 8
1098   704   2 4 1 0 6 7 3 5 8
1099   705   4 6 1 0 2 7 3 5 8
1100   705   4 6 1 2 7 0 3 5 8
1101   705   4 6 1 2 5 7 3 0 8
1102   706   1 4 0 5 8 7 2 3 6
1103   706   1 4 7 5 8 6 2 3 0
1104   707   0 1 7 5 4 8 2 3 6
1105   707   1 7 0 5 4 8 2 3 6
1106   708   1 4 7 5 3 8 0 2 6
1107   708   1 4 7 5 3 8 2 6 0
1108   709   1 4 7 2 5 8 3 6 0
1109   709   1 4 7 2 0 8 3 5 6
1110   710   5 7 0 4 1 8 2 3 6
1111   710   5 1 7 4 0 8 2 3 6
1112   711   4 5 7 1 8 6 0 2 3
1113   711   4 5 7 1 0 6 2 8 3
1114   712   0 5 7 4 3 8 1 2 6
1115   713   4 5 7 1 0 3 2 6 8
1116   713   4 5 0 1 3 7 2 6 8
1117   714   4 7 0 5 6 8 1 2 3
1118   714   4 7 8 5 6 3 1 2 0
1119   715   0 4 8 5 7 6 1 2 3
1120   715   4 8 0 5 7 6 1 2 3
1121   716   4 7 8 5 2 6 0 1 3
1122   716   4 7 8 5 2 6 1 3 0
1123   717   7 8 0 4 5 6 1 2 3
1124   717   7 5 8 4 0 6 1 2 3
1125   718   7 8 0 4 1 6 2 5 3
1126   719   4 7 8 2 1 6 5 3 0
1127   719   4 7 8 2 0 6 5 1 3
1128   720   0 4 7 1 6 8 2 5 3
1129   720   4 6 7 1 0 8 2 5 3
1130   721   1 4 8 7 0 6 2 5 3
1131   721   1 4 8 2 7 6 0 5 3
1132   722   4 8 6 1 0 7 2 5 3
1133   722   4 8 6 1 7 3 2 5 0
1134   723   0 1 4 7 5 8 2 3 6
1135   723   1 5 4 7 0 8 2 3 6
1136   724   1 4 8 7 5 6 0 2 3
1137   725   1 8 5 7 0 4 2 3 6
1138   725   1 8 5 7 4 6 2 3 0
1139   726   1 4 8 3 0 5 7 2 6
1140   726   0 4 8 1 3 5 7 2 6
1141   727   1 4 8 7 0 3 2 6 5
1142   727   1 4 0 7 3 8 2 6 5
1143   728   1 4 8 2 0 7 3 6 5
1144   728   1 4 0 2 7 8 3 6 5
1145   729   0 4 8 1 2 5 3 7 6
1146   729   1 4 8 3 2 5 0 7 6
1147   730   1 4 0 2 5 8 3 7 6
1148   730   1 4 8 2 5 6 3 7 0
1149   731   0 1 8 2 4 5 3 7 6
1150   731   1 8 0 2 4 5 3 7 6
1151   732   8 5 0 4 1 7 2 3 6
1152   732   8 1 5 4 0 7 2 3 6
1153   733   1 4 5 8 0 7 2 3 6
1154   733   1 4 5 2 8 7 0 3 6
1155   734   0 8 5 4 3 7 1 2 6
1156   735   4 8 5 1 0 3 2 6 7
1157   735   4 8 0 1 3 5 2 6 7
1158   736   4 8 5 7 0 6 1 2 3
1159   736   0 8 5 4 7 6 1 2 3
1160   737   0 8 5 4 1 6 2 7 3
1161   737   4 8 5 2 1 6 0 7 3
1162   738   4 8 0 1 6 5 2 7 3
1163   738   4 8 5 1 6 3 2 7 0
1164   739   0 4 5 1 8 6 2 7 3
1165   739   4 5 0 1 8 6 2 7 3
1166   740   7 8 5 4 0 3 1 2 6
1167   740   7 8 5 4 3 6 1 2 0
1168   741   0 3 8 7 4 5 1 2 6
1169   741   7 3 8 1 4 5 0 2 6
1170   742   7 3 0 4 5 8 1 2 6
1171   742   7 3 8 4 5 6 1 2 0
1172   743   7 3 8 4 2 5 0 1 6
1173   743   7 3 8 4 2 5 1 6 0
1174   744   7 8 0 4 1 3 2 6 5
1175   745   4 7 8 2 1 3 6 5 0
1176   745   4 7 8 2 0 3 6 1 5
1177   746   1 4 8 2 7 3 0 6 5
1178   747   4 8 3 1 0 7 2 6 5
1179   747   4 8 3 1 7 5 2 6 0
1180   748   4 7 8 6 0 3 1 2 5
1181   748   0 7 8 4 6 3 1 2 5
1182   749   1 4 7 3 0 8 2 6 5
1183   749   1 4 7 2 3 8 0 6 5
1184   750   0 3 7 4 1 8 2 6 5
1185   750   4 3 7 2 1 8 0 6 5
1186   751   4 3 0 1 8 7 2 6 5
1187   751   4 3 7 1 8 5 2 6 0
1188   752   4 3 7 1 6 8 0 2 5
1189   752   4 3 7 1 6 8 2 5 0
1190   753   8 5 0 7 4 1 2 3 6
1191   753   8 4 5 7 0 1 2 3 6
1192   754   7 8 5 2 4 1 3 6 0
1193   754   7 8 5 2 0 1 3 4 6
1194   755   4 7 5 8 0 1 2 3 6
1195   755   4 7 5 2 8 1 0 3 6
1196   756   7 5 1 4 8 6 2 3 0
1197   757   7 8 5 3 0 1 4 2 6
1198   757   0 8 5 7 3 1 4 2 6
1199   758   7 8 5 4 0 3 2 6 1
1200   758   7 8 0 4 3 5 2 6 1
1201   759   7 8 5 1 0 6 4 2 3
1202   759   0 8 5 7 1 6 4 2 3
1203   760   0 8 5 7 4 6 2 1 3
1204   760   7 8 5 2 4 6 0 1 3
1205   761   7 8 0 4 6 5 2 1 3
1206   761   7 8 5 4 6 3 2 1 0
1207   762   0 7 5 4 8 6 2 1 3
1208   762   7 5 0 4 8 6 2 1 3
1209   763   7 1 8 2 0 4 3 6 5
1210   763   7 1 0 2 4 8 3 6 5
1211   764   0 1 8 7 2 5 3 4 6
1212   764   7 1 8 3 2 5 0 4 6
1213   765   7 1 0 2 5 8 3 4 6
1214   765   7 1 8 2 5 6 3 4 0
1215   766   0 7 8 2 1 5 3 4 6
1216   766   7 8 0 2 1 5 3 4 6
1217   767   4 7 1 5 0 8 2 3 6
1218   767   4 7 1 2 5 8 0 3 6
1219   768   0 5 1 7 4 8 2 3 6
1220   768   7 5 1 2 4 8 0 3 6
1221   769   7 5 1 4 3 8 0 2 6
1222   769   7 5 1 4 3 8 2 6 0
1223   770   7 1 8 5 0 6 4 2 3
1224   770   0 1 8 7 5 6 4 2 3
1225   771   0 1 8 7 4 6 2 5 3
1226   771   7 1 8 2 4 6 0 5 3
1227   772   7 1 0 4 6 8 2 5 3
1228   772   7 1 8 4 6 3 2 5 0
1229   773   7 1 0 3 5 8 4 2 6
1230   773   7 1 8 3 5 6 4 2 0
1231   774   0 7 8 3 1 5 4 2 6
1232   774   7 8 0 3 1 5 4 2 6
1233   775   7 1 8 3 2 5 4 6 0
1234   776   1 8 0 7 3 5 4 2 6
1235   776   1 3 8 7 0 5 4 2 6
1236   777   0 1 8 7 4 3 2 6 5
1237   777   7 1 8 2 4 3 0 6 5
1238   778   7 1 8 4 6 3 0 2 5
1239   779   0 7 1 4 3 8 2 6 5
1240   779   7 3 1 4 0 8 2 6 5
1241   780   8 5 0 7 4 2 3 1 6
1242   780   8 4 5 7 0 2 3 1 6
1243   781   7 8 5 3 4 2 1 6 0
1244   781   7 8 5 3 0 2 1 4 6
1245   782   4 7 5 8 0 2 3 1 6
1246   782   4 7 5 3 8 2 0 1 6
1247   783   7 5 2 4 8 6 3 1 0
1248   784   7 8 5 1 0 2 4 3 6
1249   784   0 8 5 7 1 2 4 3 6
1250   785   7 8 5 4 0 1 3 6 2
1251   785   7 8 0 4 1 5 3 6 2
1252   786   7 8 5 2 0 6 4 3 1
1253   786   0 8 5 7 2 6 4 3 1
1254   787   0 8 5 7 4 6 3 2 1
1255   787   7 8 5 3 4 6 0 2 1
1256   788   7 8 0 4 6 5 3 2 1
1257   788   7 8 5 4 6 1 3 2 0
1258   789   0 7 5 4 8 6 3 2 1
1259   789   7 5 0 4 8 6 3 2 1
1260   790   7 2 8 3 0 4 1 6 5
1261   790   7 2 0 3 4 8 1 6 5
1262   791   0 2 8 7 3 5 1 4 6
1263   791   7 2 8 1 3 5 0 4 6
1264   792   7 2 0 3 5 8 1 4 6
1265   792   7 2 8 3 5 6 1 4 0
1266   793   0 7 8 3 2 5 1 4 6
1267   793   7 8 0 3 2 5 1 4 6
1268   794   4 7 2 5 0 8 3 1 6
1269   794   4 7 2 3 5 8 0 1 6
1270   795   0 5 2 7 4 8 3 1 6
1271   795   7 5 2 3 4 8 0 1 6
1272   796   7 5 2 4 1 8 0 3 6
1273   796   7 5 2 4 1 8 3 6 0
1274   797   7 2 8 5 0 6 4 3 1
1275   797   0 2 8 7 5 6 4 3 1
1276   798   0 2 8 7 4 6 3 5 1
1277   798   7 2 8 3 4 6 0 5 1
1278   799   7 2 0 1 5 8 4 3 6
1279   799   7 2 8 1 5 6 4 3 0
1280   800   0 7 8 1 2 5 4 3 6
1281   800   7 8 0 1 2 5 4 3 6
1282   801   7 2 8 1 3 5 4 6 0
1283   802   2 8 0 7 1 5 4 3 6
1284   802   2 1 8 7 0 5 4 3 6
1285   803   7 8 0 4 3 2 1 6 5
1286   803   7 3 8 4 0 2 1 6 5
1287   804   4 7 8 1 3 2 6 5 0
1288   804   4 7 8 1 0 2 6 3 5
1289   805   3 4 8 7 0 2 1 6 5
1290   805   3 4 8 1 7 2 0 6 5
1291   806   4 8 2 3 0 7 1 6 5
1292   806   4 8 2 3 7 5 1 6 0
1293   807   4 7 8 6 0 2 3 1 5
1294   807   0 7 8 4 6 2 3 1 5
1295   808   4 7 0 3 6 8 1 5 2
1296   809   3 4 7 2 0 8 1 6 5
1297   809   3 4 7 1 2 8 0 6 5
1298   810   0 2 7 4 3 8 1 6 5
1299   810   4 2 7 1 3 8 0 6 5
1300   811   4 2 0 3 8 7 1 6 5
1301   811   4 2 7 3 8 5 1 6 0
1302   812   4 2 7 3 6 8 0 1 5
1303   812   4 2 7 3 6 8 1 5 0
1304   813   3 4 7 5 0 8 1 2 6
1305   813   3 4 7 1 5 8 0 2 6
1306   814   4 5 0 3 8 7 1 2 6
1307   814   4 5 7 3 8 6 1 2 0
1308   815   4 7 8 5 0 6 3 1 2
1309   815   0 7 8 4 5 6 3 1 2
1310   816   0 7 8 4 3 6 1 5 2
1311   816   4 7 8 1 3 6 0 5 2
1312   817   0 4 8 3 7 6 1 5 2
1313   817   4 8 0 3 7 6 1 5 2
1314   818   3 4 0 7 5 8 1 2 6
1315   818   3 4 8 7 5 6 1 2 0
1316   819   3 8 0 7 4 5 1 2 6
1317   820   3 4 8 7 2 5 0 1 6
1318   820   3 4 8 7 2 5 1 6 0
1319   821   3 4 8 1 7 5 2 6 0
1320   821   3 4 8 1 0 5 2 7 6
1321   822   0 4 5 3 8 7 1 2 6
1322   823   4 8 5 3 7 6 0 1 2
1323   823   4 8 5 3 0 6 1 7 2
1324   824   0 2 4 5 8 7 3 1 6
1325   824   2 8 4 5 0 7 3 1 6
1326   825   2 4 7 5 8 6 0 3 1
1327   825   2 4 7 5 0 6 3 8 1
1328   826   5 2 7 3 4 8 0 1 6
1329   827   2 7 8 5 0 4 3 1 6
1330   827   2 7 8 5 4 6 3 1 0
1331   828   2 4 7 1 0 8 5 3 6
1332   828   0 4 7 2 1 8 5 3 6
1333   829   2 4 7 5 0 1 3 6 8
1334   829   2 4 0 5 1 7 3 6 8
1335   830   2 4 7 3 0 5 1 6 8
1336   830   2 4 0 3 5 7 1 6 8
1337   831   0 4 7 2 3 8 1 5 6
1338   831   2 4 7 1 3 8 0 5 6
1339   832   2 4 0 3 8 7 1 5 6
1340   832   2 4 7 3 8 6 1 5 0
1341   833   0 2 7 3 4 8 1 5 6
1342   833   2 7 0 3 4 8 1 5 6
1343   834   5 7 8 4 0 2 3 1 6
1344   834   5 7 8 4 2 6 3 1 0
1345   835   5 2 0 4 8 7 3 1 6
1346   835   5 2 7 4 8 6 3 1 0
1347   836   5 2 7 4 1 8 0 3 6
1348   836   5 2 7 4 1 8 3 6 0
1349   837   4 5 7 3 0 2 1 6 8
1350   837   4 5 0 3 2 7 1 6 8
1351   838   4 5 7 8 0 6 2 3 1
1352   838   0 5 7 4 8 6 2 3 1
1353   839   0 5 7 4 2 6 3 8 1
1354   839   4 5 7 3 2 6 0 8 1
1355   840   4 5 0 2 6 7 3 8 1
1356   840   4 5 7 2 6 1 3 8 0
1357   841   0 4 7 2 5 6 3 8 1
1358   841   4 7 0 2 5 6 3 8 1
1359   842   0 5 7 4 2 1 3 6 8
1360   842   4 5 7 3 2 1 0 6 8
1361   843   0 4 7 2 5 1 3 6 8
1362   843   4 7 0 2 5 1 3 6 8
1363   844   4 5 7 2 6 1 0 3 8
1364   845   0 4 5 2 1 7 3 6 8
1365   845   4 1 5 2 0 7 3 6 8
1366   846   0 4 7 5 6 8 2 3 1
1367   846   4 6 7 5 0 8 2 3 1
1368   847   4 7 8 5 6 1 0 2 3
1369   847   4 7 8 5 0 1 2 6 3
1370   848   5 4 8 7 0 6 2 3 1
1371   848   5 4 8 2 7 6 0 3 1
1372   849   4 8 6 5 0 7 2 3 1
1373   849   4 8 6 5 7 1 2 3 0
1374   850   0 7 8 4 3 6 5 2 1
1375   851   4 7 8 5 0 3 2 1 6
1376   851   4 7 0 5 3 8 2 1 6
1377   852   7 8 6 4 0 5 2 3 1
1378   852   7 8 6 4 5 1 2 3 0
1379   853   0 5 8 7 4 6 2 3 1
1380   853   7 5 8 2 4 6 0 3 1
1381   854   7 5 0 4 6 8 2 3 1
1382   854   7 5 8 4 6 1 2 3 0
1383   855   7 5 8 4 3 6 0 2 1
1384   855   7 5 8 4 3 6 2 1 0
1385   856   7 8 6 4 0 2 3 5 1
1386   856   7 8 6 4 2 1 3 5 0
1387   857   4 7 8 3 0 2 5 1 6
1388   857   4 7 0 3 2 8 5 1 6
1389   858   4 7 0 3 6 8 5 2 1
1390   858   4 7 8 3 6 1 5 2 0
1391   859   0 4 8 3 7 6 5 2 1
1392   859   4 8 0 3 7 6 5 2 1
1393   860   2 8 0 7 4 6 3 5 1
1394   861   2 4 8 3 7 6 5 1 0
1395   861   2 4 8 3 0 6 5 7 1
1396   862   0 8 6 4 2 7 3 5 1
1397   862   4 8 6 3 2 7 0 5 1
1398   863   0 4 6 2 8 7 3 5 1
1399   864   4 8 6 2 5 7 0 3 1
1400   864   4 8 6 2 5 7 3 1 0
1401   865   4 8 6 2 7 1 0 3 5
1402   865   4 8 6 2 0 1 3 7 5
1403   866   7 2 4 5 0 8 3 1 6
1404   866   7 2 4 3 5 8 0 1 6
1405   867   0 5 4 2 7 8 3 1 6
1406   867   2 5 4 3 7 8 0 1 6
1407   868   2 5 0 7 8 4 3 1 6
1408   868   2 5 4 7 8 6 3 1 0
1409   869   2 5 4 7 1 8 0 3 6
1410   869   2 5 4 7 1 8 3 6 0
1411   870   2 4 8 5 0 6 7 3 1
1412   870   0 4 8 2 5 6 7 3 1
1413   871   0 8 5 2 7 4 3 1 6
1414   871   2 8 5 3 7 4 0 1 6
1415   872   0 2 5 7 8 4 3 1 6
1416   873   2 8 5 7 1 4 0 3 6
1417   873   2 8 5 7 1 4 3 6 0
1418   874   2 8 5 7 4 6 0 3 1
1419   874   2 8 5 7 0 6 3 4 1
1420   875   2 4 0 1 5 8 7 3 6
1421   875   2 4 8 1 5 6 7 3 0
1422   876   0 2 8 1 4 5 7 3 6
1423   876   2 8 0 1 4 5 7 3 6
1424   877   2 4 8 1 3 5 7 6 0
1425   878   4 8 0 2 1 5 7 3 6
1426   878   4 1 8 2 0 5 7 3 6
1427   879   0 4 8 2 3 7 1 6 5
1428   879   2 4 8 1 3 7 0 6 5
1429   880   0 2 8 3 4 7 1 6 5
1430   880   2 8 0 3 4 7 1 6 5
1431   881   2 4 8 3 6 7 0 1 5
1432   881   2 4 8 3 6 7 1 5 0
1433   882   0 2 4 3 7 8 1 6 5
1434   882   2 7 4 3 0 8 1 6 5
1435   883   4 8 0 2 3 5 1 7 6
1436   883   4 3 8 2 0 5 1 7 6
1437   884   0 2 4 3 5 8 1 7 6
1438   884   2 5 4 3 0 8 1 7 6
1439   885   2 4 8 3 5 6 0 1 7
1440   885   2 4 8 3 0 6 1 5 7
1441   886   3 2 8 4 0 5 1 7 6
1442   886   3 2 8 1 4 5 0 7 6
1443   887   2 8 5 3 0 4 1 7 6
1444   887   2 8 5 3 4 6 1 7 0
1445   888   8 5 7 4 0 2 3 1 6
1446   888   8 5 7 4 2 6 3 1 0
1447   889   0 2 5 8 4 7 3 1 6
1448   889   8 2 5 3 4 7 0 1 6
1449   890   8 2 0 4 7 5 3 1 6
1450   890   8 2 5 4 7 6 3 1 0
1451   891   8 2 5 4 1 7 0 3 6
1452   891   8 2 5 4 1 7 3 6 0
1453   892   4 8 5 3 0 2 1 6 7
1454   892   4 8 0 3 2 5 1 6 7
1455   893   2 4 0 8 7 5 3 1 6
1456   893   2 4 5 8 7 6 3 1 0
1457   894   2 5 0 8 4 7 3 1 6
1458   895   2 4 5 8 1 7 0 3 6
1459   895   2 4 5 8 1 7 3 6 0
1460   896   2 4 5 3 8 7 1 6 0
1461   896   2 4 5 3 0 7 1 8 6
1462   897   0 8 5 4 2 1 3 6 7
1463   897   4 8 5 3 2 1 0 6 7
1464   898   0 4 5 2 8 1 3 6 7
1465   898   4 5 0 2 8 1 3 6 7
1466   899   4 8 5 2 6 1 0 3 7
1467   900   0 4 8 2 1 5 3 6 7
1468   900   4 1 8 2 0 5 3 6 7
1469   901   4 8 0 7 6 5 2 3 1
1470   901   4 8 5 7 6 1 2 3 0
1471   902   0 4 5 7 8 6 2 3 1
1472   902   4 5 0 7 8 6 2 3 1
1473   903   4 8 5 7 3 6 0 2 1
1474   903   4 8 5 7 3 6 2 1 0
1475   904   8 5 0 4 7 6 2 3 1
1476   904   8 7 5 4 0 6 2 3 1
1477   905   8 5 0 4 2 6 3 7 1
1478   905   8 2 5 4 0 6 3 7 1
1479   906   4 8 5 3 2 6 7 1 0
1480   906   4 8 5 3 0 6 7 2 1
1481   907   0 4 8 2 6 5 3 7 1
1482   907   4 6 8 2 0 5 3 7 1
1483   908   2 4 5 8 0 6 3 7 1
1484   908   2 4 5 3 8 6 0 7 1
1485   909   4 5 6 2 0 8 3 7 1
1486   909   4 5 6 2 8 1 3 7 0
1487   910   8 1 0 7 4 2 3 6 5
1488   910   8 4 1 7 0 2 3 6 5
1489   911   7 8 1 3 4 2 6 5 0
1490   911   7 8 1 3 0 2 6 4 5
1491   912   4 7 1 8 0 2 3 6 5
1492   912   4 7 1 3 8 2 0 6 5
1493   913   7 1 2 4 8 5 3 6 0
1494   914   7 8 1 6 0 2 4 3 5
1495   914   0 8 1 7 6 2 4 3 5
1496   915   7 8 1 4 0 6 3 5 2
1497   915   7 8 0 4 6 1 3 5 2
1498   916   7 8 1 2 0 5 4 3 6
1499   916   0 8 1 7 2 5 4 3 6
1500   917   0 8 1 7 4 5 3 2 6
1501   917   7 8 1 3 4 5 0 2 6
1502   918   7 8 0 4 5 1 3 2 6
1503   918   7 8 1 4 5 6 3 2 0
1504   919   0 7 1 4 8 5 3 2 6
1505   919   7 1 0 4 8 5 3 2 6
1506   920   7 2 8 3 0 4 6 5 1
1507   920   7 2 0 3 4 8 6 5 1
1508   921   0 2 8 7 3 1 6 4 5
1509   921   7 2 8 6 3 1 0 4 5
1510   922   7 2 0 3 1 8 6 4 5
1511   922   7 2 8 3 1 5 6 4 0
1512   923   0 7 8 3 2 1 6 4 5
1513   923   7 8 0 3 2 1 6 4 5
1514   924   4 7 2 1 0 8 3 6 5
1515   924   4 7 2 3 1 8 0 6 5
1516   925   0 1 2 7 4 8 3 6 5
1517   925   7 1 2 3 4 8 0 6 5
1518   926   7 1 2 4 6 8 0 3 5
1519   926   7 1 2 4 6 8 3 5 0
1520   927   7 2 0 6 1 8 4 3 5
1521   927   7 2 8 6 1 5 4 3 0
1522   928   0 7 8 6 2 1 4 3 5
1523   928   7 8 0 6 2 1 4 3 5
1524   929   7 2 8 6 3 1 4 5 0
1525   930   2 8 0 7 6 1 4 3 5
1526   930   2 6 8 7 0 1 4 3 5
1527   931   0 7 2 4 6 8 3 5 1
1528   931   7 6 2 4 0 8 3 5 1
1529   932   7 8 0 4 3 2 6 5 1
1530   932   7 3 8 4 0 2 6 5 1
1531   933   4 7 8 6 3 2 5 1 0
1532   933   4 7 8 6 0 2 5 3 1
1533   934   3 4 8 7 0 2 6 5 1
1534   934   3 4 8 6 7 2 0 5 1
1535   935   4 8 2 3 0 7 6 5 1
1536   935   4 8 2 3 7 1 6 5 0
1537   936   4 7 8 5 0 2 3 6 1
1538   936   0 7 8 4 5 2 3 6 1
1539   937   4 7 0 3 5 8 6 1 2
1540   938   3 4 7 2 0 8 6 5 1
1541   938   3 4 7 6 2 8 0 5 1
1542   939   0 2 7 4 3 8 6 5 1
1543   939   4 2 7 6 3 8 0 5 1
1544   940   4 2 0 3 8 7 6 5 1
1545   940   4 2 7 3 8 1 6 5 0
1546   941   4 2 7 3 5 8 0 6 1
1547   941   4 2 7 3 5 8 6 1 0
1548   942   7 8 1 4 0 3 6 2 5
1549   942   7 8 1 4 3 5 6 2 0
1550   943   0 3 8 7 4 1 6 2 5
1551   943   7 3 8 6 4 1 0 2 5
1552   944   7 3 0 4 1 8 6 2 5
1553   944   7 3 8 4 1 5 6 2 0
1554   945   7 3 8 4 2 1 0 6 5
1555   945   7 3 8 4 2 1 6 5 0
1556   946   3 4 7 1 0 8 6 2 5
1557   946   3 4 7 6 1 8 0 2 5
1558   947   4 7 8 1 0 5 3 6 2
1559   947   0 7 8 4 1 5 3 6 2
1560   948   0 7 8 4 3 5 6 1 2
1561   948   4 7 8 6 3 5 0 1 2
1562   949   0 4 8 3 7 5 6 1 2
1563   949   4 8 0 3 7 5 6 1 2
1564   950   3 4 0 7 1 8 6 2 5
1565   950   3 4 8 7 1 5 6 2 0
1566   951   3 8 0 7 4 1 6 2 5
1567   952   3 4 8 7 2 1 0 6 5
1568   952   3 4 8 7 2 1 6 5 0
1569   953   3 4 8 6 7 1 2 5 0
1570   953   3 4 8 6 0 1 2 7 5
1571   954   0 8 1 4 3 7 6 2 5
1572   954   4 8 1 6 3 7 0 2 5
1573   955   0 4 1 3 8 7 6 2 5
1574   956   4 8 1 3 7 5 0 6 2
1575   956   4 8 1 3 0 5 6 7 2
1576   957   7 2 4 1 0 8 3 6 5
1577   957   7 2 4 3 1 8 0 6 5
1578   958   0 1 4 2 7 8 3 6 5
1579   958   2 1 4 3 7 8 0 6 5
1580   959   2 1 0 7 8 4 3 6 5
1581   959   2 1 4 7 8 5 3 6 0
1582   960   2 1 4 7 6 8 0 3 5
1583   960   2 1 4 7 6 8 3 5 0
1584   961   0 8 1 2 7 4 3 6 5
1585   961   2 8 1 3 7 4 0 6 5
1586   962   0 2 1 7 8 4 3 6 5
1587   963   2 8 1 7 6 4 0 3 5
1588   963   2 8 1 7 6 4 3 5 0
1589   964   2 8 1 7 4 5 0 3 6
1590   964   2 8 1 7 0 5 3 4 6
1591   965   2 4 0 6 1 8 7 3 5
1592   965   2 4 8 6 1 5 7 3 0
1593   966   0 2 8 6 4 1 7 3 5
1594   966   2 8 0 6 4 1 7 3 5
1595   967   2 4 8 6 3 1 7 5 0
1596   968   4 8 0 2 6 1 7 3 5
1597   968   4 6 8 2 0 1 7 3 5
1598   969   0 2 4 7 6 8 3 5 1
1599   969   2 6 4 7 0 8 3 5 1
1600   970   0 4 8 2 3 7 6 5 1
1601   970   2 4 8 6 3 7 0 5 1
1602   971   0 2 8 3 4 7 6 5 1
1603   971   2 8 0 3 4 7 6 5 1
1604   972   2 4 8 3 5 7 0 6 1
1605   972   2 4 8 3 5 7 6 1 0
1606   973   0 2 4 3 7 8 6 5 1
1607   973   2 7 4 3 0 8 6 5 1
1608   974   4 8 0 2 3 1 6 7 5
1609   974   4 3 8 2 0 1 6 7 5
1610   975   0 2 4 3 1 8 6 7 5
1611   975   2 1 4 3 0 8 6 7 5
1612   976   2 4 8 3 1 5 0 6 7
1613   976   2 4 8 3 0 5 6 1 7
1614   977   3 2 8 4 0 1 6 7 5
1615   977   3 2 8 6 4 1 0 7 5
1616   978   2 8 1 3 0 4 6 7 5
1617   978   2 8 1 3 4 5 6 7 0
1618   979   8 1 7 4 0 2 3 6 5
1619   979   8 1 7 4 2 5 3 6 0
1620   980   0 2 1 8 4 7 3 6 5
1621   980   8 2 1 3 4 7 0 6 5
1622   981   8 2 0 4 7 1 3 6 5
1623   981   8 2 1 4 7 5 3 6 0
1624   982   8 2 1 4 6 7 0 3 5
1625   982   8 2 1 4 6 7 3 5 0
1626   983   4 8 1 3 0 2 6 5 7
1627   983   4 8 0 3 2 1 6 5 7
1628   984   2 4 0 8 7 1 3 6 5
1629   984   2 4 1 8 7 5 3 6 0
1630   985   2 1 0 8 4 7 3 6 5
1631   986   2 4 1 8 6 7 0 3 5
1632   986   2 4 1 8 6 7 3 5 0
1633   987   2 4 1 3 8 7 6 5 0
1634   987   2 4 1 3 0 7 6 8 5
1635   988   0 4 1 6 8 7 2 3 5
1636   989   4 8 1 6 3 7 2 5 0
1637   990   8 1 0 4 6 7 2 3 5
1638   990   8 6 1 4 0 7 2 3 5
1639   991   0 8 1 4 2 6 3 5 7
1640   991   4 8 1 3 2 6 0 5 7
1641   992   0 4 1 2 8 6 3 5 7
1642   992   4 1 0 2 8 6 3 5 7
1643   993   4 8 1 2 5 6 0 3 7
1644   994   0 4 8 2 6 1 3 5 7
1645   994   4 6 8 2 0 1 3 5 7
1646   995   4 8 0 7 5 1 2 3 6
1647   995   4 8 1 7 5 6 2 3 0
1648   996   0 4 1 7 8 5 2 3 6
1649   996   4 1 0 7 8 5 2 3 6
1650   997   4 8 1 7 3 5 0 2 6
1651   997   4 8 1 7 3 5 2 6 0
1652   998   8 1 0 4 7 5 2 3 6
1653   998   8 7 1 4 0 5 2 3 6
1654   999   8 1 0 4 2 5 3 7 6
1655   999   8 2 1 4 0 5 3 7 6
1656   1000   4 8 1 3 2 5 7 6 0
1657   1000   4 8 1 3 0 5 7 2 6
1658   1001   0 4 8 2 5 1 3 7 6
1659   1001   4 5 8 2 0 1 3 7 6
1660   1002   2 4 1 8 0 5 3 7 6
1661   1002   2 4 1 3 8 5 0 7 6
1662   1003   4 1 5 2 0 8 3 7 6
1663   1003   4 1 5 2 8 6 3 7 0
1664   1004   6 4 7 1 0 8 2 3 5
1665   1004   6 4 7 2 1 8 0 3 5
1666   1005   4 7 8 1 0 5 6 2 3
1667   1005   0 7 8 4 1 5 6 2 3
1668   1006   0 7 8 4 6 5 2 1 3
1669   1006   4 7 8 2 6 5 0 1 3
1670   1007   4 7 0 6 5 8 2 1 3
1671   1007   4 7 8 6 5 3 2 1 0
1672   1008   0 4 8 6 7 5 2 1 3
1673   1008   4 8 0 6 7 5 2 1 3
1674   1009   6 4 0 7 1 8 2 3 5
1675   1009   6 4 8 7 1 5 2 3 0
1676   1010   6 8 0 7 4 1 2 3 5
1677   1011   6 4 8 7 3 1 0 2 5
1678   1011   6 4 8 7 3 1 2 5 0
1679   1012   6 4 8 2 7 1 3 5 0
1680   1012   6 4 8 2 0 1 3 7 5
1681   1013   4 8 1 6 7 5 0 2 3
1682   1013   4 8 1 6 0 5 2 7 3
1683   1014   0 7 8 4 6 3 2 5 1
1684   1014   4 7 8 2 6 3 0 5 1
1685   1015   0 4 8 6 7 3 2 5 1
1686   1015   4 8 0 6 7 3 2 5 1
1687   1016   4 7 8 6 5 3 0 2 1
1688   1017   0 4 7 6 3 8 2 5 1
1689   1017   4 3 7 6 0 8 2 5 1
1690   1018   0 8 1 7 4 6 2 3 5
1691   1018   7 8 1 2 4 6 0 3 5
1692   1019   0 7 1 4 8 6 2 3 5
1693   1019   7 1 0 4 8 6 2 3 5
1694   1020   7 8 1 4 3 6 0 2 5
1695   1020   7 8 1 4 3 6 2 5 0
1696   1021   7 8 1 4 6 5 0 2 3
1697   1021   7 8 1 4 0 5 2 6 3
1698   1022   7 6 8 2 4 1 3 5 0
1699   1022   7 6 8 2 0 1 3 4 5
1700   1023   0 7 6 4 1 8 2 3 5
1701   1023   7 1 6 4 0 8 2 3 5
1702   1024   7 6 8 4 1 5 0 2 3
1703   1024   7 6 8 4 0 5 2 1 3
1704   1025   7 6 8 3 0 1 4 2 5
1705   1025   0 6 8 7 3 1 4 2 5
1706   1026   7 6 8 4 0 3 2 5 1
1707   1026   7 6 0 4 3 8 2 5 1
1708   1027   2 4 0 6 8 7 3 5 1
1709   1027   2 4 7 6 8 1 3 5 0
1710   1028   0 2 7 6 4 8 3 5 1
1711   1028   2 7 0 6 4 8 3 5 1
1712   1029   2 4 7 6 5 8 0 3 1
1713   1029   2 4 7 6 5 8 3 1 0
1714   1030   2 4 7 3 6 8 5 1 0
1715   1030   2 4 7 3 0 8 5 6 1
1716   1031   6 7 0 4 2 8 3 5 1
1717   1031   6 2 7 4 0 8 3 5 1
1718   1032   4 6 7 3 2 8 5 1 0
1719   1032   4 6 7 3 0 8 5 2 1
1720   1033   4 6 7 2 8 1 0 3 5
1721   1033   4 6 7 2 0 1 3 8 5
1722   1034   0 6 7 4 5 8 2 3 1
1723   1035   4 6 7 2 0 5 3 1 8
1724   1035   4 6 0 2 5 7 3 1 8
1725   1036   1 2 4 8 0 7 3 6 5
1726   1036   1 2 4 3 8 7 0 6 5
1727   1037   0 8 4 2 1 7 3 6 5
1728   1037   2 8 4 3 1 7 0 6 5
1729   1038   2 8 0 1 7 4 3 6 5
1730   1038   2 8 4 1 7 5 3 6 0
1731   1039   2 8 4 1 6 7 0 3 5
1732   1039   2 8 4 1 6 7 3 5 0
1733   1040   2 4 7 8 0 5 1 3 6
1734   1040   0 4 7 2 8 5 1 3 6
1735   1041   2 4 7 3 1 5 0 8 6
1736   1042   2 4 0 1 5 7 3 8 6
1737   1042   2 4 7 1 5 6 3 8 0
1738   1043   0 2 7 1 4 5 3 8 6
1739   1043   2 7 0 1 4 5 3 8 6
1740   1044   1 2 7 3 4 8 6 5 0
1741   1044   1 2 7 3 0 8 6 4 5
1742   1045   0 7 8 2 1 4 3 6 5
1743   1045   2 7 8 3 1 4 0 6 5
1744   1046   0 2 8 1 7 4 3 6 5
1745   1047   2 7 8 1 6 4 0 3 5
1746   1047   2 7 8 1 6 4 3 5 0
1747   1048   2 7 8 1 4 5 0 3 6
1748   1048   2 7 8 1 0 5 3 4 6
1749   1049   2 4 0 6 8 7 1 3 5
1750   1049   2 4 7 6 8 5 1 3 0
1751   1050   0 2 7 6 4 8 1 3 5
1752   1050   2 7 0 6 4 8 1 3 5
1753   1051   2 4 7 6 3 8 1 5 0
1754   1052   4 7 0 2 6 8 1 3 5
1755   1052   4 6 7 2 0 8 1 3 5
1756   1053   2 4 7 3 1 6 0 5 8
1757   1054   0 2 7 1 4 6 3 5 8
1758   1054   2 7 0 1 4 6 3 5 8
1759   1055   2 4 7 1 5 6 0 3 8
1760   1056   0 2 4 1 6 7 3 5 8
1761   1056   2 6 4 1 0 7 3 5 8
1762   1057   0 4 7 2 3 1 6 5 8
1763   1057   2 4 7 6 3 1 0 5 8
1764   1058   0 2 7 3 4 1 6 5 8
1765   1058   2 7 0 3 4 1 6 5 8
1766   1059   2 4 7 3 5 1 0 6 8
1767   1059   2 4 7 3 5 1 6 8 0
1768   1060   0 2 4 3 1 7 6 5 8
1769   1060   2 1 4 3 0 7 6 5 8
1770   1061   4 7 0 2 3 8 6 1 5
1771   1061   4 3 7 2 0 8 6 1 5
1772   1062   0 2 4 3 8 7 6 1 5
1773   1062   2 8 4 3 0 7 6 1 5
1774   1063   2 4 7 3 8 5 0 6 1
1775   1063   2 4 7 3 0 5 6 8 1
1776   1064   3 2 7 4 0 8 6 1 5
1777   1064   3 2 7 6 4 8 0 1 5
1778   1065   2 7 8 3 0 4 6 1 5
1779   1065   2 7 8 3 4 5 6 1 0
1780   1066   0 7 8 1 4 2 3 6 5
1781   1066   1 7 8 3 4 2 0 6 5
1782   1067   0 1 8 4 7 2 3 6 5
1783   1067   1 8 0 4 7 2 3 6 5
1784   1068   1 7 8 4 6 2 0 3 5
1785   1068   1 7 8 4 6 2 3 5 0
1786   1069   1 7 8 4 2 5 0 3 6
1787   1069   1 7 8 4 0 5 3 2 6
1788   1070   0 1 2 4 8 7 3 6 5
1789   1070   1 8 2 4 0 7 3 6 5
1790   1071   1 2 7 4 8 5 0 3 6
1791   1071   1 2 7 4 0 5 3 8 6
1792   1072   1 2 7 6 0 8 4 3 5
1793   1072   0 2 7 1 6 8 4 3 5
1794   1073   1 2 7 4 0 6 3 5 8
1795   1073   1 2 0 4 6 7 3 5 8
1796   1074   0 1 7 4 3 2 6 5 8
1797   1074   4 1 7 6 3 2 0 5 8
1798   1075   0 4 7 3 1 2 6 5 8
1799   1075   4 7 0 3 1 2 6 5 8
1800   1076   4 1 7 3 5 2 0 6 8
1801   1076   4 1 7 3 5 2 6 8 0
1802   1077   0 4 1 3 2 7 6 5 8
1803   1077   4 2 1 3 0 7 6 5 8
1804   1078   1 7 0 4 3 8 6 2 5
1805   1078   1 3 7 4 0 8 6 2 5
1806   1079   4 1 7 3 8 5 0 6 2
1807   1079   4 1 7 3 0 5 6 8 2
1808   1080   4 1 0 8 5 7 2 3 6
1809   1080   4 1 7 8 5 6 2 3 0
1810   1081   0 4 7 8 1 5 2 3 6
1811   1081   4 7 0 8 1 5 2 3 6
1812   1082   4 1 7 8 3 5 0 2 6
1813   1082   4 1 7 8 3 5 2 6 0
1814   1083   1 7 0 4 8 5 2 3 6
1815   1083   1 8 7 4 0 5 2 3 6
1816   1084   1 7 0 4 2 5 3 8 6
1817   1085   4 1 7 3 2 5 8 6 0
1818   1085   4 1 7 3 0 5 8 2 6
1819   1086   0 4 1 2 5 7 3 8 6
1820   1086   4 5 1 2 0 7 3 8 6
1821   1087   4 7 5 2 0 1 3 8 6
1822   1087   4 7 5 2 1 6 3 8 0
1823   1088   4 1 7 6 8 5 0 2 3
1824   1088   4 1 7 6 0 5 2 8 3
1825   1089   4 1 7 6 0 3 2 5 8
1826   1089   4 1 0 6 3 7 2 5 8
1827   1090   1 7 8 4 0 6 2 3 5
1828   1090   1 7 8 4 6 5 2 3 0
1829   1091   0 6 7 1 4 8 2 3 5
1830   1091   1 6 7 2 4 8 0 3 5
1831   1092   1 6 0 4 8 7 2 3 5
1832   1092   1 6 7 4 8 5 2 3 0
1833   1093   1 6 7 4 3 8 0 2 5
1834   1093   1 6 7 4 3 8 2 5 0
1835   1094   1 7 0 4 2 6 3 5 8
1836   1095   4 1 7 3 2 6 5 8 0
1837   1095   4 1 7 3 0 6 5 2 8
1838   1096   4 7 6 2 0 1 3 5 8
1839   1096   4 7 6 2 1 8 3 5 0
1840   1097   4 1 7 5 0 6 2 3 8
1841   1097   0 1 7 4 5 6 2 3 8
1842   1098   2 4 1 6 0 7 3 5 8
1843   1098   2 4 1 3 6 7 0 5 8
1844   1099   0 6 1 4 2 7 3 5 8
1845   1099   4 6 1 3 2 7 0 5 8
1846   1100   4 6 0 2 7 1 3 5 8
1847   1100   4 6 1 2 7 8 3 5 0
1848   1101   4 6 1 2 5 7 0 3 8
1849   1101   4 6 1 2 5 7 3 8 0
1850   1102   1 0 4 5 8 7 2 3 6
1851   1103   1 4 7 5 8 6 2 0 3
1852   1104   5 1 7 0 4 8 2 3 6
1853   1105   1 7 8 5 4 0 2 3 6
1854   1106   1 4 7 0 3 8 5 2 6
1855   1107   1 4 7 5 3 0 2 6 8